"age" "salary"
18 75.0431540173515
24 70.4760196469445
45 130.982177377461
43 154.68529299563
50 75.0431540173515
54 127.115743812184
44 169.528538036679
30 111.720849360989
41 118.884359339886
52 128.680488220624
45 117.146816914805
34 81.2832532842527
35 89.4924795180001
39 134.705375118879
54 134.705375118879
51 90.4819133566401
37 82.6796372966372
50 212.842352315711
56 129.156693004704
37 98.5993438603892
38 200.543262324662
40 50.406660861266
75 85.3839403789827
40 160.642475408263
38 94.0727147457005
49 277.601417511009
43 84.0459576539924
34 65.1108537153447
57 116.265324062503
18 70.4760196469445
55 195.676307990453
51 101.402052302992
33 81.2832532842527
34 111.720849360989
36 89.8800467811106
56 87.9810327856054
70 87.9810327856054
25 103.90247060316
32 105.927810775063
27 66.2294082943902
28 34.6074177301288
27 109.833985642199
43 45.282169994022
50 73.7757432746946
39 81.2832532842527
52 154.68529299563
35 267.901086855275
57 176.989650489877
25 66.2294082943902
33 116.265324062503
57 200.543262324662
71 101.82435207568
43 272.294783220064
23 35.0334213214995
30 114.475713290347
22 81.2832532842527
59 200.543262324662
28 148.413159102577
61 99.6894636984864
34 111.720849360989
43 152.838800991182
54 117.146816914805
69 77.7376033039781
41 87.9810327856054
48 125.525498433836
49 123.336103962059
42 158.294621427791
37 200.543262324662
55 99.6894636984864
21 70.4760196469445
58 94.0727147457005
31 81.2832532842527
25 81.2832532842527
32 100.764272842107
40 94.0727147457005
44 99.6894636984864
60 268.266292012557
23 81.2832532842527
63 113.567089569751
44 87.9810327856054
47 128.680488220624
61 106.723977625299
55 66.0446942318056
24 51.521956314716
42 85.3839403789827
25 76.8936025176112
34 90.4819133566401
53 68.0764282889521
53 130.982177377461
70 127.901232979118
47 131.224593755096
46 99.6894636984864
33 76.8936025176112
34 107.903923866876
22 81.2832532842527
74 99.6894636984864
40 98.5993438603892
45 200.543262324662
43 156.503510882633
33 144.944364980516
62 118.884359339886
37 121.430313822622
54 111.720849360989
34 68.7480877337669
50 114.475713290347
46 95.2307125669819
41 87.9810327856054
63 64.2743972206327
38 128.680488220624
35 114.475713290347
29 112.6488963421
66 81.2832532842527
37 75.8954848228103
39 112.136922992214
42 85.3839403789827
51 94.0727147457005
55 114.475713290347
51 176.989650489877
38 276.778413321176
49 101.82435207568
42 91.6992261117042
43 86.6951548289402
38 162.946460744664
59 139.213788138664
57 95.2307125669819
25 66.9616443217359
49 131.194323611687
41 90.4819133566401
38 114.475713290347
61 79.1280844956297
49 104.591737924918
52 132.487821126123
43 141.77517233318
60 123.089699847943
46 134.705375118879
21 55.7673905084923
61 106.921814091211
32 118.884359339886
58 87.9810327856054
35 88.9296066367913
26 81.2832532842527
32 94.0727147457005
37 106.921814091211
22 59.0970640815891
51 65.1108537153447
44 120.589436530402
35 157.700527725737
60 129.453644576625
40 176.989650489877
35 59.0970640815891
35 94.0727147457005
47 134.705375118879
43 81.2832532842527
33 81.2832532842527
60 153.457515308961
38 136.876367635184
53 75.0431540173515
55 130.220832358777
57 104.921506533664
64 49.5553381215226
43 123.908567597957
35 123.089699847943
54 78.155161407934
45 73.7757432746946
58 138.299126920883
48 127.115743812184
46 68.7480877337669
46 84.39111474778
55 85.3839403789827
51 128.680488220624
49 70.4760196469445
34 76.8936025176112
53 148.413159102577
40 148.413159102577
50 175.960883130401
37 98.5993438603892
39 145.143601176911
52 99.6894636984864
50 141.08887439127
48 123.089699847943
47 129.453644576625
27 111.720849360989
39 103.90247060316
44 118.884359339886
37 151.591484239814
52 101.82435207568
26 99.6894636984864
39 99.6894636984864
25 99.6894636984864
31 94.0727147457005
58 152.216806827106
30 104.921506533664
27 65.1108537153447
40 95.2307125669819
55 173.879493310012
35 193.411070530969
48 114.475713290347
29 160.642475408263
25 89.4924795180001
40 120.589436530402
27 73.7757432746946
44 127.115743812184
49 118.884359339886
22 34.6074177301288
45 114.475713290347
33 85.3839403789827
63 318.342430056529
49 141.77517233318
39 130.982177377461
25 73.7757432746946
29 130.982177377461
37 75.0431540173515
35 154.990260276812
46 104.921506533664
58 73.118306923864
39 123.089699847943
41 157.700527725737
29 81.2832532842527
37 107.256062128429
62 78.9816745162994
27 73.7757432746946
37 94.0727147457005
56 99.6894636984864
36 176.989650489877
23 73.7757432746946
46 99.6894636984864
26 94.0727147457005
43 95.2307125669819
36 127.115743812184
54 99.6894636984864
62 95.6888119067371
40 109.833985642199
53 118.884359339886
48 176.989650489877
23 61.1875264339915
34 81.2832532842527
43 256.400649562425
55 81.2832532842527
59 81.2832532842527
60 55.7673905084923
49 75.3556793180091
45 130.982177377461
31 43.7351116779821
34 114.475713290347
26 114.475713290347
22 81.2832532842527
40 68.5721657022738
41 109.833985642199
36 97.4932940453934
38 62.3983547205685
48 97.4932940453934
47 134.705375118879
47 61.1875264339915
35 118.884359339886
49 65.1108537153447
40 109.833985642199
32 104.921506533664
57 73.7757432746946
56 141.77517233318
73 90.4819133566401
29 73.7757432746946
49 134.705375118879
30 109.833985642199
29 91.6992261117042
36 95.2307125669819
39 156.503510882633
48 104.921506533664
45 99.6894636984864
50 54.5981500331442
42 32.3664131748549
58 118.884359339886
48 109.833985642199
48 109.833985642199
45 118.884359339886
41 110.782650276254
27 93.5572673479306
44 109.833985642199
32 118.884359339886
46 118.884359339886
52 52.1561711699147
22 43.7351116779821
53 117.146816914805
34 118.884359339886
38 148.413159102577
42 101.82435207568
25 94.0727147457005
29 86.6951548289402
28 141.77517233318
46 66.9616443217359
55 118.884359339886
56 105.767639622758
41 118.884359339886
61 176.989650489877
47 65.1108537153447
52 85.3839403789827
27 72.1504556815713
33 89.2428846644714
58 65.1108537153447
27 145.805163374625
52 87.9810327856054
45 41.0998036301194
22 68.3956538035455
25 81.2832532842527
25 73.7757432746946
41 130.982177377461
54 148.413159102577
23 81.226746312023
36 63.1888610037461
31 94.0727147457005
52 92.6581301668597
46 76.8936025176112
45 118.884359339886
40 79.8549003093467
33 86.6951548289402
42 133.971500070695
41 125.525498433836
25 92.8958447894966
24 72.1504556815713
24 118.884359339886
51 70.4760196469445
41 127.115743812184
42 114.475713290347
30 87.9810327856054
55 54.5981500331442
23 84.0459576539924
60 85.3839403789827
40 141.77517233318
41 110.782650276254
80 79.8549003093467
53 97.4932940453934
40 171.765132627508
35 137.481247831663
55 75.3556793180091
24 73.7757432746946
39 148.413159102577
30 95.2307125669819
68 87.9810327856054
54 109.833985642199
27 81.2832532842527
34 118.884359339886
53 127.115743812184
48 85.3839403789827
59 81.2832532842527
30 118.884359339886
45 163.515863976238
39 104.921506533664
45 99.6894636984864
43 281.745970551857
30 138.299126920883
57 176.989650489877
53 136.876367635184
42 186.876677628007
23 90.4819133566401
58 85.3839403789827
43 145.143601176911
33 120.589436530402
56 101.82435207568
37 108.874525834712
41 38.6059145209601
33 92.8958447894966
50 126.323880709786
43 191.573683548412
53 155.900506146767
37 87.9810327856054
20 59.0970640815891
26 73.7757432746946
29 90.4819133566401
57 118.884359339886
47 151.591484239814
54 272.294783220064
38 97.4932940453934
23 68.111994065327
31 127.115743812184
43 272.294783220064
33 111.720849360989
48 127.115743812184
33 87.9810327856054
52 114.475713290347
30 69.7915308454408
44 94.0727147457005
38 127.273347006486
51 160.642475408263
47 171.765132627508
28 141.77517233318
52 115.375038556391
23 72.1504556815713
65 73.7757432746946
27 127.115743812184
33 20.9343779401018
49 79.8549003093467
27 102.870246933215
48 115.375038556391
38 97.4932940453934
58 104.921506533664
40 115.375038556391
46 93.4866920429597
53 123.089699847943
25 118.884359339886
42 96.3706528322308
40 84.0459576539924
35 127.115743812184
50 95.2307125669819
34 81.2832532842527
48 102.870246933215
49 111.720849360989
41 94.0727147457005
37 127.115743812184
58 104.921506533664
28 68.111994065327
33 128.680488220624
50 143.92735936583
38 103.90247060316
48 91.6992261117042
30 95.2307125669819
49 138.299126920883
44 118.55677641507
50 94.0727147457005
58 114.475713290347
45 150.01328628271
44 97.4932940453934
35 90.4819133566401
59 81.2832532842527
45 130.982177377461
51 150.962783462143
61 130.982177377461
45 145.143601176911
34 90.4819133566401
33 113.567089569751
45 87.9810327856054
50 157.700527725737
50 109.833985642199
39 84.0459576539924
26 160.643638171791
49 47.9055670370271
20 59.0970640815891
31 81.2832532842527
49 87.9810327856054
56 87.9810327856054
61 143.808556824369
56 110.782650276254
51 118.884359339886
42 120.589436530402
45 272.294783220064
30 105.375892660271
48 69.0108766220885
33 87.9810327856054
50 89.2428846644714
31 171.765132627508
48 133.232350826567
35 200.543262324662
47 92.8958447894966
45 148.413159102577
52 119.742556289908
46 82.6796372966372
47 105.927810775063
49 267.901086855275
36 104.921506533664
51 127.115743812184
46 157.700527725737
37 148.413159102577
23 65.1108537153447
43 104.921506533664
34 78.3924668009837
58 139.213788138664
44 112.6488963421
61 79.8549003093467
40 65.1108537153447
37 111.720849360989
33 104.921506533664
38 176.989650489877
41 99.6894636984864
30 104.921506533664
51 70.8150386167557
39 94.0727147457005
56 127.115743812184
44 97.4932940453934
51 109.833985642199
35 75.1996281485946
27 65.1108537153447
47 146.462838515063
51 81.2832532842527
41 127.115743812184
63 73.7757432746946
61 65.1108537153447
46 99.6894636984864
33 79.8549003093467
35 73.7757432746946
28 87.9810327856054
50 118.884359339886
41 284.524740902214
23 118.884359339886
45 106.921814091211
63 100.013486924706
59 108.874525834712
30 114.475713290347
30 115.375038556391
45 130.982177377461
42 79.8549003093467
57 106.921814091211
52 22.9624006796429
54 115.182455126581
30 103.90247060316
47 184.469464222499
38 314.32933644529
47 99.6894636984864
39 128.680488220624
50 87.9810327856054
47 54.5981500331442
45 99.6894636984864
44 118.884359339886
52 92.1611220323496
42 127.115743812184
18 41.7049904993395
56 109.833985642199
50 82.6796372966372
50 277.79948020565
53 99.6894636984864
38 176.989650489877
27 84.0459576539924
56 163.515863976238
50 81.2832532842527
56 130.982177377461
50 127.115743812184
49 72.1504556815713
42 104.921506533664
50 186.876677628007
53 176.989650489877
28 139.703071527658
45 73.7757432746946
24 66.2294082943902
25 81.2832532842527
38 104.921506533664
47 109.833985642199
38 154.68529299563
33 106.921814091211
39 277.79948020565
52 87.9810327856054
46 90.4819133566401
42 106.921814091211
61 56.9055391446732
32 81.2832532842527
42 107.903923866876
61 196.125272594255
27 91.6992261117042
45 200.543262324662
58 32.3664131748549
25 104.921506533664
34 100.764272842107
44 85.3839403789827
40 82.6796372966372
51 97.4932940453934
50 121.010826565755
64 133.971500070695
54 148.413159102577
42 104.921506533664
31 81.2832532842527
25 90.4819133566401
32 106.921814091211
51 114.475713290347
75 53.3953468905727
28 87.9810327856054
28 66.2294082943902
32 96.3706528322308
53 272.403225755586
36 97.1582750436503
43 200.543262324662
51 123.089699847943
35 99.6894636984864
46 94.0727147457005
38 81.2832532842527
43 154.68529299563
39 109.833985642199
37 123.089699847943
59 73.7757432746946
33 107.903923866876
23 73.7757432746946
37 87.9810327856054
40 27.1405792079024
25 94.0727147457005
27 102.453557578372
47 272.294783220064
52 94.0727147457005
23 81.2832532842527
33 87.9810327856054
37 109.833985642199
34 80.4302079458208
51 148.413159102577
40 148.413159102577
50 81.2832532842527
64 118.884359339886
54 80.487444359511
50 91.6992261117042
32 109.355626400253
37 104.921506533664
19 65.1108537153447
32 76.8936025176112
42 99.6894636984864
26 99.6894636984864
46 157.700527725737
18 49.5553381215226
43 90.4819133566401
62 111.720849360989
44 148.413159102577
40 133.232350826567
43 134.705375118879
32 118.884359339886
48 87.9810327856054
35 109.833985642199
61 130.982177377461
47 89.2428846644714
55 102.870246933215
28 76.8936025176112
52 149.695042068453
27 102.870246933215
22 90.4819133566401
20 69.9291272064087
42 106.921814091211
29 87.9810327856054
31 109.833985642199
59 151.591484239814
36 148.413159102577
32 66.9616443217359
32 103.90247060316
25 99.6894636984864
43 134.705375118879
44 43.7351116779821
57 116.707154559148
49 141.77517233318
41 144.47808766541
38 134.705375118879
58 118.884359339886
59 189.244162932803
39 160.642475408263
60 96.0316570194457
56 111.065194319742
44 148.413159102577
70 99.6894636984864
27 81.2832532842527
47 118.884359339886
41 127.115743812184
29 104.921506533664
42 112.6488963421
51 281.745970551857
47 114.477521132502
48 111.720849360989
39 134.705375118879
23 75.3556793180091
31 119.74085129618
59 118.884359339886
19 27.1405792079024
42 182.020620963512
35 65.1108537153447
38 141.77517233318
45 114.475713290347
58 135.59805975224
26 117.146816914805
30 99.6894636984864
54 277.79948020565
38 94.0727147457005
44 94.0727147457005
52 96.3706528322308
73 75.3556793180091
65 104.921506533664
28 95.2307125669819
53 54.5981500331442
53 89.2428846644714
52 145.143601176911
27 96.8667032433329
57 130.982177377461
32 84.0459576539924
51 148.155046727428
43 49.5553381215226
50 141.77517233318
53 115.375038556391
54 65.1108537153447
24 85.3839403789827
40 101.82435207568
30 95.2307125669819
45 99.6894636984864
55 147.116689159978
45 140.398200161944
44 109.833985642199
37 127.115743812184
41 115.375038556391
44 59.0970640815891
52 76.8936025176112
55 141.77517233318
43 70.9095858696657
27 200.543262324662
43 97.4932940453934
46 99.6894636984864
30 186.876677628007
43 81.2832532842527
48 160.642475408263
33 63.9666908300607
29 87.9810327856054
24 73.7757432746946
52 145.143601176911
50 141.77517233318
24 76.8936025176112
42 123.908567597957
53 118.884359339886
49 279.1974969917
46 54.5981500331442
40 154.68529299563
41 180.030197076236
41 118.884359339886
36 87.9810327856054
34 91.6992261117042
24 59.0970640815891
44 123.908567597957
33 109.833985642199
25 94.0727147457005
40 117.146816914805
48 65.1108537153447
56 97.4932940453934
25 118.019753340006
44 141.77517233318
27 116.176695171054
58 75.3556793180091
52 95.2307125669819
60 111.720849360989
39 103.90247060316
51 147.116689159978
31 87.9810327856054
45 118.884359339886
43 100.764272842107
45 120.589436530402
40 193.866878146586
46 118.884359339886
51 267.901086855275
47 174.402876012275
52 133.971500070695
31 154.68529299563
40 154.68529299563
26 118.884359339886
49 95.2307125669819
38 109.833985642199
50 111.720849360989
63 134.705375118879
35 85.9010443226556
29 118.884359339886
33 87.9810327856054
29 92.8958447894966
62 109.833985642199
45 124.720446242886
56 127.901232979118
58 97.4932940453934
39 198.350290464385
49 92.8958447894966
24 94.0727147457005
61 148.413159102577
58 79.8549003093467
47 118.884359339886
41 87.9810327856054
71 94.0727147457005
47 150.070476909424
38 176.989650489877
31 73.7757432746946
56 125.12381572196
44 277.79948020565
33 107.903923866876
36 60.7397785177603
31 92.0363233010764
55 109.833985642199
48 66.9616443217359
50 114.475713290347
42 170.6951277113
25 130.982177377461
55 127.115743812184
28 117.146816914805
30 123.089699847943
46 120.589436530402
48 130.982177377461
42 81.2832532842527
23 36.6737041960799
60 104.921506533664
34 74.412963512917
45 129.067820506745
28 84.1000101164483
33 185.918662879754
58 105.927810775063
47 163.515863976238
24 63.1888610037461
56 134.705375118879
56 120.926701544426
23 94.0727147457005
56 132.487821126123
45 133.232350826567
58 145.143601176911
30 118.884359339886
46 150.330653495766
48 278.964466695847
50 98.2692308087927
43 99.6894636984864
37 94.0727147457005
49 176.989650489877
31 166.324941233877
54 94.0727147457005
52 139.703071527658
70 78.3924668009837
30 141.775856466307
44 116.265324062503
34 148.413159102577
38 87.9810327856054
28 90.4819133566401
38 141.77517233318
39 63.0927167348386
52 65.1108537153447
34 151.591484239814
33 123.089699847943
45 118.884359339886
58 79.8549003093467
38 104.004959912222
63 55.5361044177385
38 99.6894636984864
31 99.6894636984864
53 193.452606894109
21 102.870246933215
38 164.646988930328
18 69.6190369046763
28 99.6894636984864
33 114.475713290347
32 99.6894636984864
29 95.2307125669819
28 82.6796372966372
42 116.943081320617
28 54.5981500331442
36 138.299126920883
47 130.982177377461
53 281.745970551857
48 163.515863976238
36 179.214858036271
55 126.323880709786
37 70.4760196469445
68 118.019753340006
65 71.3196387942183
37 114.475713290347
33 138.299126920883
19 54.5981500331442
50 94.0727147457005
22 80.4302079458208
40 89.2428846644714
45 117.146816914805
36 127.115743812184
37 81.2832532842527
24 52.4070640482002
66 99.6894636984864
35 63.1888610037461
33 196.125272594255
44 101.82435207568
48 107.903923866876
47 51.2396549228382
41 99.6894636984864
55 63.1888610037461
74 148.413159102577
33 99.6894636984864
62 130.982177377461
56 101.82435207568
29 99.6894636984864
56 79.8549003093467
47 160.642475408263
45 134.705375118879
44 160.642475408263
25 91.6992261117042
45 75.3556793180091
40 136.15771083723
56 134.705375118879
56 81.9853178344996
47 176.989650489877
39 118.886080351034
38 121.262745732618
48 94.0727147457005
44 99.6894636984864
42 123.908567597957
55 118.884359339886
61 82.6796372966372
39 81.2832532842527
30 104.921506533664
49 99.6894636984864
33 136.15771083723
31 81.2832532842527
35 68.5086896572248
55 81.2832532842527
36 114.475713290347
37 118.019753340006
33 99.6894636984864
48 118.884359339886
47 118.884359339886
60 123.089699847943
28 109.833985642199
28 102.870246933215
48 163.515863976238
29 117.146816914805
40 92.3000614282589
32 100.013486924706
33 55.0697284222779
40 101.82435207568
42 148.413159102577
36 115.375038556391
39 73.7757432746946
44 267.901086855275
43 129.453644576625
44 96.3706528322308
29 87.9810327856054
49 104.921506533664
47 130.982177377461
46 190.547678564741
41 118.019753340006
52 79.8549003093467
43 72.4793162971252
38 148.413159102577
42 74.4446382014083
56 118.884359339886
39 128.680488220624
29 87.9810327856054
33 267.901086855275
33 104.921506533664
41 92.8958447894966
44 70.4760196469445
45 200.543262324662
58 102.870246933215
29 102.870246933215
42 65.1108537153447
68 109.833985642199
47 127.115743812184
30 94.0727147457005
39 67.8625234113681
42 125.525498433836
49 165.208773767255
36 81.2832532842527
44 112.6488963421
54 76.8936025176112
42 75.0431540173515
39 128.680488220624
30 59.0970640815891
33 63.7733911962488
28 84.0459576539924
38 93.9371815810521
30 82.6796372966372
25 118.884359339886
52 81.2832532842527
26 66.9616443217359
54 166.324941233877
62 99.6894636984864
57 141.77517233318
32 143.134940811134
60 35.0334213214995
40 109.833985642199
49 111.014405508798
54 132.487821126123
48 148.413159102577
35 73.7757432746946
46 143.699710133813
42 99.6894636984864
58 272.294783220064
30 200.543262324662
27 85.3865890236244
55 109.833985642199
50 61.0524210501246
55 118.884359339886
40 145.805163374625
32 112.6488963421
27 106.921814091211
49 106.921814091211
50 127.115743812184
50 87.9810327856054
44 144.47808766541
57 160.409701962289
72 87.9810327856054
23 65.1108537153447
31 176.989650489877
36 54.5981500331442
63 109.833985642199
48 81.698421724729
46 114.475713290347
55 142.634472767972
44 160.642475408263
44 94.0727147457005
32 54.5981500331442
60 73.7757432746946
42 160.642475408263
48 148.413159102577
36 87.9823064294987
31 101.82435207568
54 111.720849360989
29 106.921814091211
46 126.323880709786
35 109.833985642199
50 92.8958447894966
25 54.5981500331442
33 96.3706528322308
34 114.475713290347
51 94.0727147457005
33 95.2307125669819
59 139.00340805947
62 81.2832532842527
28 94.0727147457005
40 87.9810327856054
52 138.299126920883
29 89.4924795180001
34 92.8958447894966
25 54.5981500331442
66 94.0727147457005
43 68.7480877337669
45 92.8958447894966
35 114.475713290347
43 109.833985642199
49 109.833985642199
60 77.0452008528242
46 94.0727147457005
55 101.82435207568
32 118.884359339886
53 133.232350826567
57 157.10350432345
51 281.745970551857
59 182.020620963512
45 119.09923477134
56 71.6867436659172
30 85.3839403789827
21 72.1504556815713
60 138.299126920883
60 101.82435207568
48 109.833985642199
39 87.9810327856054
32 115.375038556391
51 191.573683548412
47 86.6951548289402
44 75.8522371953675
46 166.324941233877
28 56.9055391446732
24 99.6894636984864
37 92.8958447894966
31 99.6894636984864
72 92.8958447894966
50 101.82435207568
36 145.143601176911
27 76.8936025176112
27 90.4819133566401
41 127.115743812184
20 82.6796372966372
49 99.6894636984864
25 64.1592325660882
41 89.4924795180001
53 87.9810327856054
45 127.115743812184
32 66.9616443217359
47 148.413159102577
26 123.089699847943
31 133.232350826567
32 118.884359339886
50 120.166119635421
46 115.375038556391
47 112.6488963421
55 118.884359339886
49 148.413159102577
25 61.1875264339915
60 95.6888119067371
62 89.2428846644714
63 127.901232979118
31 128.680488220624
29 109.833985642199
51 114.475713290347
28 76.1296996370986
36 123.089699847943
28 99.6894636984864
38 102.870246933215
35 96.3706528322308
46 117.146816914805
37 90.4819133566401
41 104.921506533664
59 73.7757432746946
51 107.903923866876
26 99.6894636984864
34 60.1541246622441
32 123.089699847943
23 81.2832532842527
50 143.134940811134
25 69.0981838087226
43 78.9816745162994
36 128.680488220624
50 54.5981500331442
34 134.705375118879
34 104.921506533664
55 277.601417511009
39 78.214575693165
40 82.6796372966372
32 117.146816914805
63 118.884359339886
38 109.833985642199
67 59.0970640815891
39 116.265324062503
31 61.1875264339915
41 114.475713290347
47 78.3924668009837
61 122.263673892802
61 148.413159102577
21 54.5981500331442
22 66.0446942318056
53 126.957885677185
47 81.2832532842527
36 127.901232979118
36 87.9810327856054
42 123.089699847943
54 104.921506533664
27 87.9810327856054
36 131.737801155001
35 73.7757432746946
60 104.921506533664
42 91.602615662534
41 123.089699847943
35 131.652698654268
34 309.5717712662
22 70.6610476694407
47 84.8520440937874
59 102.870246933215
29 103.90247060316
32 94.0727147457005
49 128.680488220624
30 106.326864894674
33 99.2552868268562
51 133.232350826567
37 78.3924668009837
46 130.982177377461
63 109.833985642199
41 96.3706528322308
40 109.833985642199
46 281.745970551857
45 94.0727147457005
48 200.543262324662
28 87.9810327856054
65 87.9810327856054
50 97.4932940453934
53 107.903923866876
48 95.6888119067371
30 109.833985642199
37 87.3874499713449
51 88.8315691738134
55 166.324941233877
35 94.6956951317194
33 122.263673892802
41 132.487821126123
34 96.3706528322308
33 89.2428846644714
49 81.2832532842527
62 73.7757432746946
31 109.833985642199
43 100.099662492042
43 134.265677158654
43 91.6992261117042
48 109.547296634249
48 70.4760196469445
50 144.204738892859
29 99.6894636984864
52 94.0727147457005
46 87.9810327856054
40 94.0727147457005
43 81.2832532842527
54 115.375038556391
38 107.903923866876
32 101.402052302992
28 144.479422679423
33 145.143601176911
44 163.515863976238
41 81.2832532842527
31 40.4056652596845
48 97.4932940453934
50 117.146816914805
47 118.884359339886
31 84.0459576539924
40 88.8164739741151
54 86.6951548289402
24 75.3556793180091
34 98.5993438603892
65 87.9810327856054
28 109.642968140263
30 79.8549003093467
45 166.324941233877
35 139.00340805947
46 145.143601176911
47 85.3839403789827
71 99.6916283970721
39 130.982177377461
41 68.7480877337669
33 139.703071527658
76 176.989650489877
20 76.8936025176112
34 134.705375118879
26 99.6894636984864
51 148.413159102577
25 79.8549003093467
62 128.680488220624
37 180.779952229859
37 94.0727147457005
32 89.4924795180001
55 130.220832358777
36 77.4976813877358
39 148.413159102577
46 185.283317088498
48 128.680488220624
34 147.116689159978
39 106.921814091211
50 115.375038556391
54 91.6992261117042
60 148.413159102577
48 111.720849360989
47 126.323880709786
20 65.1108537153447
60 107.903923866876
37 54.5981500331442
46 134.705375118879
54 72.4793162971252
51 130.982177377461
32 91.6992261117042
35 154.68529299563
46 114.475713290347
38 87.9810327856054
62 80.5731997057359
47 94.0727147457005
28 141.77517233318
61 145.143601176911
26 94.0727147457005
49 127.115743812184
28 113.567089569751
61 101.595538208147
42 134.705375118879
31 127.115743812184
50 87.9810327856054
44 78.3924668009837
46 318.342430056529
54 82.6796372966372
40 97.4932940453934
38 87.8535469003831
43 184.167135799587
43 109.833985642199
30 95.2307125669819
58 59.0970640815891
60 118.884359339886
45 130.982177377461
47 134.705375118879
47 87.9810327856054
59 67.3689820806645
36 83.3213415447885
39 118.884359339886
40 105.927810775063
42 85.3839403789827
29 73.7757432746946
38 139.00340805947
58 123.089699847943
18 55.9974338324572
35 141.77517233318
30 154.072997206315
48 118.884359339886
27 114.475713290347
40 120.926701544426
34 97.4932940453934
54 141.77517233318
20 75.0431540173515
50 89.4924795180001
42 198.350290464385
45 65.2614390229193
59 107.903923866876
44 81.2832532842527
67 76.8936025176112
26 76.8936025176112
40 140.398200161944
42 104.921506533664
22 81.2832532842527
43 140.398200161944
34 79.8549003093467
44 79.8549003093467
53 268.266292012557
54 124.720446242886
55 148.413159102577
30 118.884359339886
48 176.989650489877
48 109.833985642199
30 127.115743812184
38 110.782650276254
25 91.6992261117042
59 104.921506533664
38 272.294783220064
40 268.266292012557
36 163.515863976238
60 104.921506533664
40 123.089699847943
28 118.884359339886
34 148.413159102577
39 175.443549299129
26 96.3706528322308
28 96.9340904570115
27 99.6894636984864
34 99.6894636984864
38 311.934568896444
51 109.833985642199
58 87.9810327856054
42 138.299126920883
32 47.933671329738
27 104.921506533664
51 99.6894636984864
50 133.232350826567
25 115.375038556391
60 120.926701544426
62 148.413159102577
53 120.589436530402
39 144.47808766541
23 90.4819133566401
47 148.413159102577
32 123.089699847943
57 268.266292012557
40 78.3924668009837
57 107.903923866876
31 148.413159102577
28 89.2428846644714
58 130.982177377461
47 87.9810327856054
41 70.4760196469445
53 108.681308237349
27 80.5731997057359
19 65.1108537153447
47 65.1108537153447
44 118.884359339886
32 73.7757432746946
23 54.5981500331442
31 66.2294082943902
42 272.294783220064
50 134.705375118879
52 46.7632687977187
20 76.8936025176112
33 81.2832532842527
26 99.6894636984864
40 166.324941233877
29 94.0727147457005
35 114.475713290347
34 87.9810327856054
37 118.884359339886
37 161.914951381929
22 73.7757432746946
39 99.6894636984864
42 103.90247060316
44 108.874525834712
45 107.903923866876
42 141.77517233318
52 160.642475408263
27 112.186122875854
46 169.073540049428
59 96.3706528322308
52 81.2832532842527
19 54.5981500331442
64 107.903923866876
38 136.876367635184
45 65.1108537153447
53 179.528092196451
28 66.2294082943902
39 104.921506533664
52 176.989650489877
41 114.475713290347
44 76.8936025176112
48 94.0727147457005
47 127.115743812184
31 94.0727147457005
28 103.90247060316
45 99.6894636984864
56 87.9810327856054
47 136.15771083723
41 94.0727147457005
49 87.9810327856054
28 97.4932940453934
19 43.7351116779821
48 117.146816914805
47 127.115743812184
57 272.294783220064
39 109.833985642199
45 66.9616443217359
52 127.901232979118
51 118.884359339886
46 74.4383046681824
45 143.134940811134
40 87.9810327856054
48 128.680488220624
47 121.430313822622
45 98.5993438603892
49 117.146816914805
57 109.833985642199
77 99.6894636984864
48 160.642475408263
56 118.884359339886
39 163.515863976238
44 110.782650276254
49 87.9810327856054
58 54.5981500331442
46 127.036846683616
39 123.089699847943
26 73.7757432746946
61 99.6894636984864
62 94.0727147457005
47 87.9810327856054
40 118.884359339886
35 65.1108537153447
61 141.77517233318
38 134.705375118879
18 76.8936025176112
45 101.402052302992
27 99.6894636984864
22 95.2307125669819
29 73.7757432746946
50 123.089699847943
25 99.6894636984864
35 118.884359339886
41 127.115743812184
38 145.143601176911
49 118.884359339886
36 128.680488220624
66 92.8958447894966
23 68.7480877337669
28 99.6894636984864
42 109.833985642199
20 43.7351116779821
37 189.244162932803
58 32.3664131748549
45 154.68529299563
64 114.475713290347
45 148.413159102577
52 101.82435207568
42 123.089699847943
32 118.884359339886
40 75.0431540173515
55 160.642475408263
46 104.921506533664
55 81.2832532842527
53 99.6894636984864
33 104.921506533664
45 95.2307125669819
54 99.6894636984864
32 84.0459576539924
42 176.989650489877
35 118.884359339886
54 94.0727147457005
38 94.0727147457005
31 101.82435207568
41 85.3839403789827
45 142.457169885112
49 118.884359339886
50 95.2307125669819
40 111.720849360989
29 59.6286455536557
25 99.6894636984864
32 99.6894636984864
51 86.6951548289402
29 93.0440149336701
32 134.705375118879
42 145.143601176911
59 148.413159102577
31 87.9810327856054
29 108.390640020409
52 73.7757432746946
35 73.7757432746946
28 106.369647181498
50 78.3924668009837
49 72.5612283088075
39 73.7773452719489
26 38.2235828218228
31 99.6894636984864
50 50.4119228435697
62 170.460165914858
35 123.089699847943
22 73.7757432746946
55 110.782650276254
63 125.525498433836
63 75.0431540173515
39 95.2307125669819
28 118.884359339886
43 127.115743812184
58 70.4760196469445
38 166.324941233877
49 139.156325391862
62 25.2910080971035
36 81.4468348606011
54 87.9810327856054
26 116.442318333651
46 166.324941233877
58 149.695042068453
22 73.7757432746946
58 277.601417511009
63 136.876367635184
67 129.453644576625
44 111.720849360989
51 178.700657207025
46 49.5553381215226
43 82.6796372966372
40 73.7757432746946
31 92.8958447894966
41 114.475713290347
21 84.0459576539924
51 76.8936025176112
43 79.8549003093467
34 130.982177377461
45 148.413159102577
35 65.1108537153447
33 134.705375118879
46 94.0727147457005
38 94.0727147457005
44 90.4819133566401
50 111.721782427997
55 107.903923866876
49 191.573683548412
47 145.143601176911
40 138.639172221569
21 53.6387220221678
60 93.0534873610655
56 81.2832532842527
61 128.680488220624
44 136.15771083723
43 160.642475408263
29 109.833985642199
38 148.413159102577
26 108.390640020409
28 67.1430807546635
38 118.019753340006
45 109.833985642199
39 47.3389060962716
33 62.91365496918
44 70.4760196469445
48 99.6894636984864
45 92.7913480810133
56 99.6916283970721
40 114.475713290347
71 89.2428846644714
30 118.884359339886
45 148.413159102577
41 90.4819133566401
40 118.884359339886
59 89.1678286670778
46 73.7757432746946
38 70.4760196469445
26 93.4866920429597
53 70.4760196469445
46 99.6894636984864
42 98.5993438603892
28 54.5981500331442
30 86.6951548289402
34 118.884359339886
46 160.642475408263
22 59.0970640815891
37 92.7295279091354
27 63.1888610037461
52 114.475713290347
43 65.1108537153447
52 148.413159102577
54 109.489841452174
47 99.6894636984864
21 105.927810775063
42 134.705375118879
72 189.244162932803
38 104.921506533664
53 82.6796372966372
35 81.2832532842527
60 76.8936025176112
39 85.3839403789827
45 73.7757432746946
61 106.608021493532
64 95.2307125669819
39 70.4760196469445
46 105.927810775063
25 56.4538649754188
80 94.0727147457005
51 105.927810775063
58 75.0431540173515
52 118.884359339886
45 138.299126920883
41 99.6894636984864
42 95.2307125669819
31 94.0727147457005
49 123.089699847943
47 90.4819133566401
39 87.9810327856054
53 109.833985642199
37 85.3839403789827
52 191.573683548412
41 101.82435207568
39 148.413159102577
63 171.765132627508
23 73.4544282607621
62 87.9810327856054
43 272.294783220064
29 102.870246933215
43 160.642475408263
34 123.089699847943
38 91.6992261117042
25 85.3839403789827
64 109.833985642199
49 114.475713290347
46 84.3157688645753
30 114.475713290347
33 57.3525910796177
29 104.921506533664
32 125.525498433836
54 108.874525834712
40 65.1108537153447
24 109.833985642199
30 70.8150386167557
49 145.143601176911
47 101.82435207568
25 84.0459576539924
44 134.705375118879
41 97.4932940453934
54 154.68529299563
59 200.543262324662
25 59.7342233407467
63 91.6992261117042
49 109.833985642199
35 114.475713290347
24 66.2294082943902
66 92.8958447894966
57 94.0727147457005
47 118.884359339886
44 132.487821126123
56 127.115743812184
34 99.6894636984864
23 40.4056652596845
30 138.299126920883
38 102.870246933215
43 79.8549003093467
58 111.720849360989
36 62.198679430261
48 70.4760196469445
35 86.0428011301927
22 99.6894636984864
50 113.567089569751
58 100.764272842107
20 61.1875264339915
44 113.61274572643
50 134.705375118879
55 104.923531700709
39 109.833985642199
32 276.778413321176
50 148.413159102577
24 148.413159102577
53 109.833985642199
35 81.2832532842527
25 79.8549003093467
24 109.833985642199
57 148.413159102577
43 65.1108537153447
33 88.2986994723057
40 91.6992261117042
39 73.7757432746946
32 70.4760196469445
48 128.680488220624
29 94.0727147457005
35 98.5993438603892
41 133.232350826567
52 134.705375118879
50 91.6992261117042
35 160.635498596854
27 99.6894636984864
57 114.475713290347
48 97.4932940453934
41 98.0483505056004
59 104.921506533664
55 109.833985642199
54 133.232350826567
34 118.884359339886
43 73.7757432746946
43 104.921506533664
62 62.0303046060726
45 97.4932940453934
40 145.805163374625
33 82.6796372966372
45 148.413159102577
21 49.5553381215226
54 73.7757432746946
43 73.7757432746946
54 127.115743812184
35 109.833985642199
23 61.5945831752282
61 111.440469567068
51 138.299126920883
43 127.115743812184
20 75.3556793180091
51 139.00340805947
65 118.884359339886
37 109.833985642199
24 66.2330957333126
36 73.2930820722881
45 130.982177377461
33 276.778413321176
36 86.9103277389946
32 109.833985642199
45 118.884359339886
51 104.921506533664
33 136.876367635184
47 84.0459576539924
37 196.125272594255
41 121.430313822622
23 96.3977959023552
57 128.680488220624
61 148.413159102577
47 85.3839403789827
29 87.9810327856054
37 99.6894636984864
57 148.413159102577
39 81.2832532842527
59 145.805163374625
31 149.055895589404
26 97.4932940453934
51 118.019753340006
38 99.6894636984864
51 118.884359339886
50 79.8549003093467
32 118.884359339886
38 160.642475408263
49 176.989650489877
40 73.7757432746946
60 154.68529299563
30 101.82435207568
41 130.982177377461
32 114.475713290347
26 105.927810775063
41 81.2832532842527
53 134.705375118879
35 97.4932940453934
50 109.833985642199
43 171.765132627508
50 67.8267871319966
19 73.7757432746946
42 91.6992261117042
53 66.9616443217359
22 95.2307125669819
49 98.5993438603892
33 109.833985642199
31 81.2832532842527
43 90.4819133566401
57 109.833985642199
40 148.413159102577
48 84.5294690248517
46 101.82435207568
58 104.921506533664
50 104.921506533664
38 99.6894636984864
33 101.402052302992
52 149.055895589404
48 73.7757432746946
53 160.642475408263
37 118.884359339886
43 119.405204322401
54 107.903923866876
41 154.868367231559
57 75.3556793180091
54 118.539502533774
25 76.8936025176112
35 62.198679430261
29 182.020620963512
36 267.901086855275
43 141.77517233318
41 186.876677628007
52 72.1504556815713
48 49.5553381215226
51 81.2832532842527
55 118.884359339886
37 97.4932940453934
48 111.720849360989
42 101.82435207568
43 127.115743812184
32 87.9810327856054
33 84.0459576539924
48 78.3924668009837
20 46.3665027412862
43 132.860765311572
58 61.5945831752282
38 99.6894636984864
23 66.2294082943902
54 108.874525834712
66 99.6894636984864
47 152.838800991182
35 76.8936025176112
39 143.134940811134
35 125.20428658029
40 75.610695863947
41 109.833985642199
40 176.989650489877
50 59.0970640815891
35 99.6894636984864
43 95.2307125669819
26 104.921506533664
23 49.5553381215226
61 130.982177377461
24 43.7351116779821
66 118.884359339886
50 109.833985642199
22 75.0431540173515
62 91.6992261117042
55 105.927810775063
41 73.7757432746946
54 170.156834417801
29 138.299126920883
39 101.82435207568
71 87.9810327856054
22 78.3924668009837
48 123.089699847943
35 116.265324062503
46 90.4819133566401
51 109.833985642199
55 104.921506533664
36 118.884359339886
57 94.0727147457005
21 141.77517233318
60 128.680488220624
41 73.7757432746946
56 139.353811767493
32 94.0727147457005
32 73.7757432746946
36 107.903923866876
28 64.5420748732979
60 138.299126920883
41 89.2428846644714
55 99.6894636984864
36 109.833985642199
46 90.4819133566401
62 89.4924795180001
44 102.766280877288
36 118.884359339886
41 148.413159102577
22 114.475713290347
51 129.983634818897
57 110.782650276254
55 114.475713290347
36 148.413159102577
43 276.778413321176
38 23.9529444789965
27 103.90247060316
32 118.884359339886
44 71.6867436659172
56 276.778413321176
38 141.77517233318
36 99.6894636984864
28 108.874525834712
39 79.8549003093467
42 78.9846061809321
51 82.6796372966372
55 89.4924795180001
39 130.982177377461
42 109.706051812711
33 117.146816914805
23 73.7757432746946
40 81.2832532842527
40 80.8581959564691
51 107.903923866876
76 76.8936025176112
57 87.9810327856054
27 95.2307125669819
26 84.0459576539924
25 99.6894636984864
27 101.402052302992
33 87.9810327856054
51 87.9810327856054
22 94.0727147457005
47 128.199636871795
34 136.517655222436
47 107.903923866876
31 123.089699847943
46 91.6992261117042
47 78.3924668009837
49 154.68529299563
40 136.15771083723
51 81.2832532842527
31 76.2832778539642
58 109.833985642199
48 87.7884362154584
54 127.115743812184
56 154.072997206315
61 109.833985642199
32 138.299126920883
60 164.646988930328
42 138.299126920883
22 44.9782920272516
46 106.723977625299
53 114.475713290347
43 73.7757432746946
32 75.3556793180091
30 141.77517233318
50 109.833985642199
40 277.79948020565
55 79.8549003093467
42 166.324941233877
35 75.3556793180091
33 100.086742317948
33 102.870246933215
38 118.712094053725
41 117.146816914805
42 123.500017774584
58 148.413159102577
45 76.8936025176112
47 109.833985642199
30 105.927810775063
34 160.642475408263
43 149.695042068453
58 99.6894636984864
44 104.923531700709
28 61.1875264339915
46 105.927810775063
36 107.903923866876
37 70.8150386167557
47 160.642475408263
56 99.6894636984864
38 111.720849360989
41 75.3556793180091
62 94.0727147457005
40 87.9810327856054
44 123.089699847943
56 99.6894636984864
51 76.8936025176112
41 86.6951548289402
52 176.989650489877
27 100.764272842107
52 114.475713290347
51 67.1792914754174
51 79.8549003093467
28 90.4819133566401
49 57.9709421772731
61 114.475713290347
39 99.6894636984864
23 89.4924795180001
53 151.805096289083
55 87.9810327856054
48 87.9810327856054
50 104.921506533664
31 65.1108537153447
53 128.680488220624
49 154.68529299563
49 130.982177377461
43 120.589436530402
20 81.2832532842527
46 110.172930287822
48 152.216806827106
19 70.4760196469445
56 85.3839403789827
44 101.82435207568
23 85.3839403789827
42 101.82435207568
32 118.884359339886
32 73.7757432746946
43 73.7757432746946
57 138.610994032645
26 109.833985642199
67 151.591484239814
31 176.989650489877
49 103.90247060316
29 128.680488220624
41 108.874525834712
35 87.9810327856054
39 95.2307125669819
33 98.5993438603892
53 141.77517233318
43 123.089699847943
36 94.6540203819701
38 148.413159102577
58 104.921506533664
45 123.089699847943
34 94.5960991038653
30 127.115743812184
21 29.3769761006037
39 129.453644576625
28 109.833985642199
54 99.6894636984864
24 90.4819133566401
57 70.8150386167557
48 95.2307125669819
31 109.833985642199
47 182.020620963512
44 160.642475408263
30 70.4760196469445
41 130.982177377461
26 105.927810775063
32 109.833985642199
39 97.4710060955894
42 111.720849360989
24 172.217265521809
44 129.453644576625
30 127.115743812184
58 134.705375118879
33 94.0727147457005
56 94.0727147457005
28 96.9340904570115
41 276.778413321176
22 32.3664131748549
37 84.450253670189
18 65.1108537153447
37 84.7183897030478
43 167.706575552614
49 94.0727147457005
36 134.705375118879
47 81.2832532842527
52 134.705375118879
34 114.475713290347
62 130.982177377461
44 104.921506533664
48 152.216806827106
51 124.720446242886
35 148.413159102577
42 89.2428846644714
34 82.6796372966372
50 94.0727147457005
50 153.457515308961
55 46.7632687977187
56 129.453644576625
50 130.982177377461
44 94.0727147457005
30 99.6894636984864
34 128.680488220624
50 73.7757432746946
51 110.782650276254
53 99.6894636984864
40 91.6992261117042
34 82.6796372966372
36 118.884359339886
44 148.413159102577
54 95.2307125669819
36 163.515863976238
62 279.501781963737
33 114.475713290347
44 102.870246933215
80 87.9810327856054
45 87.9810327856054
58 70.4760196469445
51 101.82435207568
60 277.601417511009
33 87.9810327856054
28 104.921506533664
37 127.115743812184
56 99.6894636984864
59 171.765132627508
56 75.0431540173515
34 72.1504556815713
37 34.6074177301288
36 94.0727147457005
45 176.989650489877
36 140.398200161944
23 27.1405792079024
56 127.115743812184
33 114.475713290347
48 127.115743812184
28 82.6796372966372
37 101.82435207568
56 86.6951548289402
22 63.1888610037461
60 114.926521781463
30 81.2832532842527
50 101.82435207568
38 101.82435207568
55 103.181326958727
26 113.567089569751
39 148.413159102577
42 148.413159102577
71 105.69144753053
33 128.680488220624
49 51.7514403709426
45 81.2832532842527
41 158.294621427791
59 54.121205395165
33 127.115743812184
47 71.6867436659172
34 145.143601176911
23 94.0727147457005
32 127.901232979118
30 102.870246933215
54 89.4924795180001
46 104.921506533664
52 137.590142766506
50 176.989650489877
57 97.4932940453934
46 100.764272842107
30 81.2832532842527
32 56.9055391446732
53 105.927810775063
48 138.299126920883
31 108.874525834712
50 76.8936025176112
41 109.833985642199
47 94.0727147457005
37 75.3556793180091
24 74.5711617723683
53 81.2832532842527
39 95.2307125669819
47 145.143601176911
36 140.398200161944
34 148.413159102577
45 99.6894636984864
60 59.0970640815891
43 118.884359339886
20 64.3510245722737
27 133.232350826567
35 59.0970640815891
50 104.921506533664
56 60.1541246622441
19 30.9237526933873
35 109.833985642199
23 65.1108537153447
45 94.0727147457005
54 65.1108537153447
43 87.9810327856054
42 176.989650489877
51 189.244162932803
49 79.8549003093467
48 111.185461930226
50 118.884359339886
37 81.2832532842527
38 186.876677628007
58 154.68529299563
41 124.720446242886
51 277.79948020565
51 99.5919888162707
44 87.9810327856054
43 114.475713290347
34 145.143601176911
43 138.299126920883
59 256.400649562425
61 113.567089569751
40 118.019753340006
49 104.921506533664
55 130.982177377461
54 123.089699847943
41 109.833985642199
29 109.833985642199
66 138.299126920883
61 107.433970610403
34 105.927810775063
41 121.430313822622
48 85.3839403789827
26 91.6992261117042
54 90.4819133566401
44 104.921506533664
60 147.116689159978
57 81.2832532842527
53 107.903923866876
54 118.884359339886
37 104.921506533664
62 127.115743812184
40 87.9810327856054
39 111.720849360989
55 81.2832532842527
57 123.089699847943
45 176.989650489877
41 82.6796372966372
28 102.766280877288
58 120.589436530402
47 141.77517233318
60 106.921814091211
26 268.266292012557
52 109.833985642199
31 99.6894636984864
63 200.543262324662
42 109.833985642199
30 125.525498433836
52 114.475713290347
38 160.642475408263
29 99.6894636984864
42 160.642475408263
57 125.525498433836
46 133.232350826567
21 75.0431540173515
34 109.833985642199
39 63.1888610037461
26 95.2307125669819
42 111.720849360989
48 78.3924668009837
54 99.6894636984864
80 82.6796372966372
37 78.3924668009837
31 81.2832532842527
41 70.8150386167557
37 148.413159102577
43 130.602227520314
54 200.543262324662
39 148.413159102577
45 87.9810327856054
21 96.1440722120499
59 104.921506533664
29 62.2386812563875
29 137.590142766506
33 87.9810327856054
45 155.900506146767
53 176.989650489877
63 123.089699847943
56 138.299126920883
21 63.1888610037461
39 73.7757432746946
30 182.020620963512
42 116.265324062503
40 94.0727147457005
47 148.413159102577
43 20.0855369231877
42 111.720849360989
50 148.413159102577
39 81.2832532842527
50 70.4760196469445
60 92.8958447894966
57 87.9810327856054
38 89.4924795180001
49 102.870246933215
51 73.7757432746946
33 66.2294082943902
59 117.146816914805
41 101.82435207568
33 116.265324062503
28 126.323880709786
49 82.7417541674462
51 112.6488963421
36 118.884359339886
26 87.9810327856054
22 54.0299651757595
47 117.146816914805
59 118.884359339886
41 127.901232979118
32 87.9810327856054
45 109.833985642199
39 68.7480877337669
64 95.2307125669819
36 134.705375118879
61 81.2832532842527
34 68.7480877337669
52 134.705375118879
33 81.2832532842527
36 150.695182101741
34 94.0727147457005
39 75.3556793180091
59 141.77517233318
49 175.93299770235
40 198.350290464385
49 94.0727147457005
25 81.2832532842527
59 81.2832532842527
39 76.436454372814
40 94.0727147457005
51 104.921506533664
63 110.782650276254
53 92.8958447894966
25 99.6894636984864
53 85.3839403789827
23 75.3556793180091
36 72.1504556815713
19 31.4109962716359
47 92.8958447894966
43 103.90247060316
40 111.720849360989
38 180.779952229859
63 109.833985642199
45 36.6737041960799
32 73.7757432746946
37 98.5993438603892
37 57.4636470385133
41 118.884359339886
45 82.6796372966372
22 81.2832532842527
58 227.458934033008
44 91.6992261117042
39 116.265324062503
40 141.77517233318
33 81.2832532842527
35 91.0932184689733
63 114.475713290347
45 160.642475408263
31 99.6894636984864
41 92.8958447894966
66 276.778413321176
45 82.6796372966372
47 99.6894636984864
35 124.720446242886
52 100.764272842107
62 169.800342280671
47 82.6796372966372
40 136.876367635184
41 277.79948020565
48 118.884359339886
55 118.884359339886
64 114.475713290347
29 61.1875264339915
49 118.884359339886
32 133.232350826567
41 82.6796372966372
58 148.413159102577
41 148.413159102577
34 96.9340904570115
43 154.68529299563
23 87.9810327856054
40 102.870246933215
46 281.745970551857
35 106.921814091211
42 148.414448195605
47 111.720849360989
45 148.413159102577
34 108.874525834712
57 104.921506533664
32 86.1737867271136
55 102.870246933215
22 76.2832778539642
51 124.720446242886
26 66.9616443217359
27 54.5981500331442
34 166.324941233877
48 91.7016396744449
23 78.3465619952665
41 111.720849360989
49 151.591484239814
47 120.589436530402
35 117.146816914805
50 81.9853178344996
55 137.590142766506
69 40.4056652596845
45 154.68529299563
40 154.68529299563
47 143.325318108778
22 78.3924668009837
42 85.3839403789827
47 159.474176661105
48 66.2294082943902
28 111.720849360989
49 90.7270793135127
51 128.680488220624
58 148.413159102577
32 114.475713290347
55 87.9810327856054
49 94.0727147457005
46 87.9810327856054
44 182.020620963512
25 87.9810327856054
73 92.8958447894966
18 72.1504556815713
52 122.263673892802
28 72.1504556815713
51 82.6796372966372
44 176.989650489877
44 141.77517233318
29 95.2307125669819
48 141.77517233318
62 101.82435207568
40 131.737801155001
24 66.3251949430473
48 118.884359339886
54 163.515863976238
69 114.475713290347
48 123.089699847943
73 40.1943705168112
30 70.5134157015506
41 73.7757432746946
48 100.879460918798
63 84.0459576539924
29 85.3839403789827
40 141.77517233318
52 91.0932184689733
54 114.475713290347
33 267.901086855275
42 160.642475408263
31 94.0727147457005
46 139.675870162748
44 125.12381572196
45 113.567089569751
40 182.020620963512
31 102.870246933215
19 76.8936025176112
43 109.833985642199
56 142.457169885112
55 101.82435207568
59 118.884359339886
49 102.870246933215
42 128.680488220624
27 61.1875264339915
34 81.2860772898212
47 276.778413321176
35 268.266292012557
33 104.921506533664
35 144.47808766541
40 118.884359339886
53 94.0727147457005
47 73.7757432746946
45 196.125272594255
34 169.073540049428
25 69.6190369046763
56 124.720446242886
54 115.51808515372
41 89.2428846644714
46 276.778413321176
44 170.6951277113
44 99.6894636984864
46 148.413159102577
38 114.475713290347
36 128.680488220624
27 99.6894636984864
33 128.680488220624
56 140.398200161944
52 111.720849360989
33 125.525498433836
32 94.0727147457005
39 118.884359339886
22 72.1504556815713
53 104.921506533664
36 277.79948020565
37 73.7757432746946
40 130.982177377461
51 78.214575693165
40 90.4819133566401
56 117.146816914805
50 99.6894636984864
49 166.324941233877
32 81.2832532842527
21 84.0459576539924
48 114.475713290347
48 73.7757432746946
32 115.106201691293
30 53.0275511164817
30 118.884359339886
33 79.8549003093467
56 56.4538649754188
46 90.4819133566401
49 104.921506533664
24 87.9810327856054
48 147.116689159978
37 109.833985642199
53 118.884359339886
56 141.77517233318
34 108.874525834712
56 104.921506533664
48 109.833985642199
47 27.1405792079024
52 70.4760196469445
40 166.879383279962
25 127.115743812184
35 117.146816914805
40 103.90247060316
22 34.6074177301288
50 100.013486924706
48 64.8689691939769
40 109.833985642199
45 127.115743812184
30 114.475713290347
46 117.146816914805
34 134.705375118879
32 65.1108537153447
53 143.134940811134
32 76.8936025176112
39 99.6894636984864
51 94.0727147457005
40 75.3556793180091
66 127.115743812184
40 166.324941233877
52 133.232350826567
36 125.525498433836
32 89.4924795180001
45 84.0459576539924
37 169.073540049428
47 160.642475408263
49 144.170606488233
53 73.7757432746946
66 70.4760196469445
33 73.7757432746946
58 94.0727147457005
41 83.1913242935054
54 134.705375118879
26 86.6951548289402
24 70.4760196469445
62 130.982177377461
63 136.303997562054
26 114.022580378556
45 106.127582150788
23 87.9810327856054
31 116.265324062503
44 143.134940811134
43 54.5981500331442
48 48.185650217039
48 123.089699847943
55 117.584340323354
45 272.294783220064
48 145.143601176911
63 118.884359339886
57 97.4932940453934
69 148.413159102577
31 127.115743812184
38 268.266292012557
43 109.833985642199
19 51.9036962665682
44 114.475713290347
31 134.705375118879
49 87.9810327856054
29 95.2307125669819
26 76.8936025176112
37 116.265324062503
30 81.2832532842527
35 131.62180303309
40 117.146816914805
44 68.7480877337669
65 125.525498433836
54 101.82435207568
56 140.398200161944
48 107.903923866876
37 58.0147820121857
30 99.6894636984864
46 85.3839403789827
37 131.737801155001
58 81.2832532842527
52 86.6951548289402
45 157.700527725737
33 65.11462387776
51 90.4819133566401
50 46.7632687977187
42 85.3839403789827
46 139.703071527658
43 148.413159102577
47 81.2832532842527
47 118.884359339886
44 71.1519565433031
36 65.1108537153447
39 65.1108537153447
29 125.525498433836
40 123.089699847943
20 70.8150386167557
32 112.6488963421
36 86.6951548289402
31 82.6796372966372
28 130.982177377461
41 117.146816914805
54 176.989650489877
42 118.884359339886
19 68.7480877337669
59 267.901086855275
64 99.6894636984864
31 92.6581301668597
37 109.833985642199
30 87.9810327856054
24 118.884359339886
26 75.0431540173515
44 114.475713290347
39 276.778413321176
48 277.601417511009
53 80.5731997057359
42 114.475713290347
44 166.324941233877
25 85.3839403789827
46 43.7351116779821
52 101.82435207568
33 87.9810327856054
30 121.430313822622
38 109.833985642199
29 79.8549003093467
57 127.115743812184
50 115.285516994187
23 98.6015397849967
46 144.47808766541
61 136.15771083723
70 100.764272842107
59 76.8936025176112
57 90.4819133566401
25 86.6951548289402
48 123.908567597957
52 65.1108537153447
44 131.737801155001
40 66.9616443217359
43 196.125272594255
51 166.324941233877
43 65.1108537153447
42 120.589436530402
28 101.82435207568
54 148.413159102577
34 159.052027129346
50 109.833985642199
36 140.051197616953
36 132.352477709878
71 118.884359339886
31 97.4932940453934
43 134.705375118879
20 72.1504556815713
23 87.9810327856054
42 49.5553381215226
41 149.055895589404
27 122.263673892802
29 101.82435207568
41 99.6894636984864
41 104.921506533664
22 81.2832532842527
39 73.7757432746946
50 82.6796372966372
49 148.413159102577
42 118.884359339886
38 129.453644576625
55 134.705375118879
47 79.8549003093467
52 68.111994065327
56 40.4056652596845
30 131.737801155001
56 134.705375118879
46 114.475713290347
43 126.323880709786
35 116.707154559148
58 109.833985642199
69 81.226746312023
68 87.9810327856054
52 127.115743812184
46 104.921506533664
39 107.903923866876
66 109.833985642199
30 117.146816914805
30 107.903923866876
43 72.1504556815713
49 160.642475408263
54 148.413159102577
48 143.134940811134
37 97.4932940453934
46 141.77517233318
53 148.413159102577
31 109.833985642199
18 59.0970640815891
49 152.52821689856
39 81.2832532842527
40 43.7351116779821
37 96.3706528322308
24 101.82435207568
35 130.982177377461
27 82.6796372966372
44 130.982177377461
46 89.2428846644714
40 85.1185334226767
39 166.324941233877
42 100.764272842107
37 99.6894636984864
58 123.089699847943
40 163.515863976238
27 85.3839403789827
31 75.3556793180091
44 65.1108537153447
38 92.6581301668597
34 137.590142766506
41 134.85152633512
20 72.4793162971252
28 178.533050380204
55 98.5993438603892
38 115.375038556391
33 73.7757432746946
43 36.6737041960799
50 123.089699847943
55 87.9810327856054
24 73.9357192871731
41 176.989650489877
37 118.884359339886
42 134.705375118879
25 90.4819133566401
45 148.413159102577
40 81.2832532842527
43 130.982177377461
50 176.989650489877
42 82.6796372966372
38 131.737801155001
44 82.6796372966372
19 41.4412130349115
44 117.146816914805
26 73.7757432746946
54 86.6951548289402
32 99.6894636984864
49 141.77517233318
35 70.8150386167557
34 72.1504556815713
23 54.5981500331442
60 127.115743812184
54 73.7757432746946
31 139.703071527658
47 160.642475408263
48 23.9529444789965
48 115.375038556391
35 114.475713290347
55 127.115743812184
35 137.590142766506
37 176.989650489877
27 23.2747040516601
64 90.4819133566401
52 73.7757432746946
47 82.6796372966372
26 56.9055391446732
41 128.680488220624
22 75.0431540173515
76 73.7757432746946
46 108.065830309718
39 123.089699847943
39 277.79948020565
23 73.7757432746946
49 123.908567597957
44 87.9810327856054
20 70.4760196469445
43 277.601417511009
42 148.413159102577
46 114.475713290347
33 99.6894636984864
62 268.266292012557
38 130.982177377461
43 109.833985642199
46 277.601417511009
18 73.7757432746946
63 267.901086855275
43 119.74085129618
44 141.77517233318
53 128.252661096619
58 90.4819133566401
23 76.8936025176112
50 127.115743812184
35 118.884359339886
38 200.543262324662
36 87.9810327856054
32 148.413159102577
56 268.266292012557
41 87.9810327856054
40 99.6894636984864
26 82.6796372966372
26 130.982177377461
47 108.874525834712
25 54.5981500331442
58 309.5717712662
57 82.6823993373301
30 59.6286455536557
44 166.324941233877
29 79.8549003093467
51 118.884359339886
37 92.8958447894966
67 160.642475408263
34 70.4760196469445
50 120.589436530402
38 160.642475408263
55 171.765132627508
27 120.589436530402
39 134.705375118879
54 148.413159102577
55 129.453644576625
49 134.705375118879
42 56.9055391446732
39 87.9810327856054
32 68.111994065327
39 128.680488220624
50 134.705375118879
47 94.0727147457005
40 87.9810327856054
51 118.884359339886
28 68.7480877337669
53 94.0727147457005
54 118.884359339886
51 91.6992261117042
33 134.705375118879
55 127.115743812184
44 100.764272842107
30 105.927810775063
40 87.9810327856054
26 99.6894636984864
49 112.6488963421
43 163.515863976238
43 82.6796372966372
44 79.8549003093467
32 49.5553381215226
34 152.838800991182
36 148.413159102577
51 101.402052302992
42 95.6888119067371
60 118.884359339886
36 76.8936025176112
47 118.884359339886
60 138.299126920883
22 54.5981500331442
41 65.1108537153447
56 109.833985642199
44 73.7757432746946
49 105.927810775063
45 116.265324062503
25 94.0727147457005
52 118.884359339886
30 148.413159102577
29 104.921506533664
23 79.8549003093467
48 108.874525834712
44 109.833985642199
62 127.115743812184
33 151.591484239814
51 105.927810775063
36 200.543262324662
23 59.0970640815891
51 68.7480877337669
47 176.989650489877
34 103.90247060316
34 82.6796372966372
43 200.543262324662
43 101.82435207568
40 163.515863976238
59 104.921506533664
53 109.833985642199
32 104.921506533664
48 107.903923866876
37 182.020620963512
20 75.0431540173515
32 61.1875264339915
40 85.3839403789827
48 123.823733834101
43 176.989650489877
56 118.884359339886
55 268.266292012557
38 89.4924795180001
52 92.8958447894966
40 127.115743812184
29 115.375038556391
45 130.983694295002
39 68.7480877337669
50 182.020620963512
50 143.808556824369
57 134.705375118879
30 63.1888610037461
56 75.3556793180091
43 176.990675361059
43 104.921506533664
67 123.089699847943
50 111.720849360989
49 111.720849360989
50 87.9810327856054
59 144.210761166057
51 117.146816914805
39 78.3924668009837
54 99.6894636984864
55 123.089699847943
45 127.115743812184
54 139.00340805947
23 127.115743812184
74 70.4760196469445
52 109.833985642199
25 70.8150386167557
45 70.4760196469445
37 176.989650489877
55 113.567089569751
25 82.6796372966372
66 148.413159102577
47 161.222495456794
36 127.115743812184
63 134.705375118879
44 160.642475408263
37 267.901086855275
32 104.921506533664
43 134.705375118879
37 123.089699847943
26 66.9616443217359
39 91.6992261117042
45 160.642475408263
40 136.876367635184
51 153.457515308961
52 61.1875264339915
43 65.1108537153447
52 114.475713290347
50 182.020620963512
54 114.475713290347
28 97.4932940453934
28 136.876367635184
26 97.4932940453934
45 81.2832532842527
34 73.7757432746946
73 118.884359339886
31 113.567089569751
29 90.4819133566401
40 160.642475408263
38 179.528092196451
42 147.766776237856
50 87.9810327856054
51 59.0328548279404
40 107.316063157849
25 49.5553381215226
47 144.47808766541
27 81.2832532842527
53 81.6352686511494
67 87.9810327856054
40 130.982177377461
44 87.9810327856054
33 81.2832532842527
29 89.2428846644714
32 114.113394510116
27 104.921506533664
40 112.6488963421
36 56.9055391446732
48 87.9810327856054
56 118.884359339886
24 127.115743812184
53 134.705375118879
34 107.903923866876
61 281.745970551857
38 48.185650217039
55 127.115743812184
70 50.3540016352083
24 81.2832532842527
22 75.0431540173515
38 104.921506533664
29 79.8549003093467
30 130.982177377461
38 171.765132627508
49 97.4932940453934
71 98.5993438603892
32 84.0459576539924
40 299.262976763971
32 70.8150386167557
33 82.6796372966372
40 73.7757432746946
25 77.4976813877358
36 91.6992261117042
46 141.77517233318
59 93.7216739620469
49 143.134940811134
41 91.6992261117042
42 130.982177377461
59 87.9810327856054
27 76.4884433977401
30 71.6867436659172
54 87.9810327856054
31 80.5731997057359
34 163.515863976238
47 107.903923866876
40 133.232350826567
29 73.7757432746946
58 87.9810327856054
41 119.013345237399
56 102.127000914639
52 136.876367635184
53 118.884359339886
37 65.1108537153447
30 94.0727147457005
35 138.299126920883
40 118.884359339886
54 79.8549003093467
22 63.1888610037461
37 134.705375118879
39 295.991249982471
62 109.833985642199
47 104.921506533664
51 148.413159102577
47 99.6894636984864
28 118.884359339886
65 95.6888119067371
42 114.475713290347
58 104.921506533664
32 101.82435207568
34 146.462838515063
49 79.8549003093467
39 145.143601176911
44 76.4058510654515
38 84.0459576539924
48 115.375038556391
47 105.927810775063
40 72.1504556815713
27 79.8549003093467
42 103.90247060316
30 88.9923771888426
31 99.6894636984864
29 112.6488963421
53 138.299126920883
37 68.7480877337669
48 109.315320019967
56 148.413159102577
44 99.6894636984864
63 118.019753340006
25 65.1108537153447
31 94.0727147457005
51 98.5993438603892
25 87.9810327856054
50 99.6894636984864
34 108.874525834712
20 82.6796372966372
30 89.4924795180001
40 97.4932940453934
34 56.9055391446732
57 65.1108537153447
42 89.4924795180001
30 84.0459576539924
37 94.0727147457005
50 85.3839403789827
26 78.3924668009837
59 160.409701962289
29 132.860765311572
22 87.9810327856054
54 158.173662250538
46 118.884359339886
51 101.402052302992
35 59.0970640815891
49 85.3839403789827
53 87.9810327856054
61 160.642475408263
40 70.4760196469445
52 47.7477845118713
40 130.982177377461
56 85.3839403789827
39 99.6894636984864
30 93.8786834850373
58 130.982177377461
33 167.981128202758
51 126.085057289999
32 148.413159102577
50 132.487821126123
26 118.884359339886
35 109.833985642199
31 102.870246933215
31 133.380607661416
44 154.68529299563
30 99.6894636984864
27 66.2294082943902
27 87.9810327856054
55 90.4819133566401
